9.8386 8.8349
7.0727 9.6368
8.6622 9.1584
8.7160 7.6984
10.0881 8.8088
8.7768 10.3042
9.3641 7.7575
6.7839 11.2217
7.7663 8.1111
11.0027 10.2416
10.1996 11.2854
8.1710 8.3542
10.4996 9.8062
8.7684 10.8411
7.7642 7.7706
11.4587 8.7142
9.5782 9.6656
8.4667 9.8617
8.8130 6.7713
9.6272 10.0272
8.4648 8.8012
8.9588 10.5840
9.8927 9.7297
8.5728 10.0159
8.4887 10.1116
9.1399 8.9290
8.4480 7.9446
6.6795 10.2176
8.5169 9.7528
9.2468 8.7328
9.4842 10.1343
7.6243 9.6789
7.7163 9.9215
7.9032 11.3572
8.8458 9.1007
7.6991 9.8088
8.1004 9.0728
10.5030 9.0744
8.5794 9.4408
8.9696 9.9896
7.8166 10.2196
9.9397 9.4785
7.8556 9.4384
8.1685 8.3213
8.0999 10.2761
6.6070 11.1266
8.5338 8.3990
7.7175 8.4067
9.3338 9.1324
9.0186 8.1801
17.1329 3.3849
15.8117 4.4910
17.3131 3.2850
17.4519 2.1244
17.0344 3.9052
17.1430 5.4467
18.7566 3.1587
16.7324 4.0949
16.5902 5.0221
17.7207 3.3660
16.9715 4.0939
16.8131 3.6921
15.7882 3.4138
18.8218 3.5999
16.1391 3.1424
16.5874 2.8384
17.0892 4.1130
15.6018 4.4404
16.8730 4.5832
15.2915 2.6356
16.3347 4.9630
16.0515 4.8516
17.5393 5.6475
15.8495 4.2867
17.7138 3.7197
17.2060 3.0728
15.2022 4.1922
17.2288 3.4250
15.4642 4.2994
15.6423 3.7561
16.9931 5.1732
16.9124 4.7328
15.0790 4.7004
17.3954 5.1493
17.8815 3.1743
16.0723 4.8992
17.3311 4.5681
17.3258 5.2815
16.8627 4.7113
18.3789 3.9809
17.5993 4.0984
15.6146 4.5670
17.2141 5.4819
18.0355 2.9868
17.0530 4.3827
18.4563 5.7270
16.4802 5.2642
14.3513 2.6171
16.6751 3.9086
15.8484 5.2129
11.9997 2.4846
9.4601 1.2764
9.6143 1.5589
8.7310 1.4018
11.3610 1.9246
9.2644 1.5457
8.9500 0.9307
9.5953 2.4313
8.0030 0.8881
11.1913 1.5489
10.1443 -1.8086
10.1948 2.8644
12.1871 2.0264
11.5829 1.9333
11.5071 0.5182
9.0259 1.4238
9.7586 2.3267
9.0449 1.8770
10.0283 2.1162
9.6163 3.3033
8.8567 2.0638
13.0433 1.6745
11.4025 1.7838
8.9301 1.8866
9.0699 1.4606
9.0168 1.4409
11.4778 0.9123
9.9110 1.5130
10.1494 2.0974
10.5823 4.1626
10.3388 0.7382
11.5110 1.5528
11.1996 3.9464
9.1020 1.8609
11.2087 2.3505
8.0036 3.5805
11.3685 1.4437
10.4133 1.9248
7.3250 2.2384
9.1601 0.9069
8.6261 2.2508
10.1045 0.9015
10.7587 1.4779
11.5570 2.7828
8.9265 0.4836
9.4356 2.6381
9.8509 1.5267
10.0282 1.9378
12.2089 3.4269
11.1720 3.1725
15.8262 -0.4671
18.1829 0.5834
16.9349 0.6629
16.0409 1.5402
16.8052 0.9306
15.9791 2.4087
16.4391 0.1458
16.1022 0.1557
14.6893 -0.1898
17.2972 1.5973
14.5354 1.7527
15.3148 2.7289
14.2341 1.9376
16.8308 -0.2764
14.4389 1.4335
14.5031 2.8102
16.0869 0.9882
15.4713 -1.4739
14.9165 0.7996
14.8633 2.1670
16.5860 0.7905
16.9566 2.6618
16.4860 1.4624
15.4335 0.1535
16.6891 1.3887
15.6095 0.1030
16.8808 2.5538
14.9477 2.4711
15.7819 -0.6219
16.5432 0.1584
16.7507 1.4663
15.9721 0.1292
16.6418 0.8079
16.1387 1.8232
16.7968 1.2096
15.7214 1.1000
15.0908 0.7379
16.9142 1.9724
14.3619 0.8584
14.7214 2.3454
16.3165 0.6955
16.3375 2.0837
16.0889 0.6788
17.4190 0.3496
17.3557 2.7614
14.8255 1.5060
14.9463 0.3525
17.4835 1.5083
15.3638 1.0531
15.6436 1.2975
